Work second script!
True (256, 256)
/lustre03/project/6079389/sedou/srgan/srgan_env/lib/python3.8/site-packages/torchvision/transforms/transforms.py:329: UserWarning: Argument 'interpolation' of type int is deprecated since 0.13 and will be removed in 0.15. Please use InterpolationMode enum.
  warnings.warn(
/lustre03/project/6079389/sedou/srgan/srgan_env/lib/python3.8/site-packages/torch/utils/data/dataloader.py:554: UserWarning: This DataLoader will create 8 worker processes in total. Our suggested max number of worker in current system is 1, which is smaller than what this DataLoader is going to create. Please be aware that excessive worker creation might get DataLoader running slow or even freeze, lower the worker number to avoid potential slowness/freeze if necessary.
  warnings.warn(_create_warning_msg(
/lustre03/project/6079389/sedou/srgan/srgan_env/lib/python3.8/site-packages/torchvision/models/_utils.py:208: UserWarning: The parameter 'pretrained' is deprecated since 0.13 and may be removed in the future, please use 'weights' instead.
  warnings.warn(
/lustre03/project/6079389/sedou/srgan/srgan_env/lib/python3.8/site-packages/torchvision/models/_utils.py:223: UserWarning: Arguments other than a weight enum or `None` for 'weights' are deprecated since 0.13 and may be removed in the future. The current behavior is equivalent to passing `weights=VGG19_Weights.IMAGENET1K_V1`. You can also use `weights=VGG19_Weights.DEFAULT` to get the most up-to-date weights.
  warnings.warn(msg)
0 7.084797024726868 1.610889732837677
1680795345.0 6314629 18806672
1 7.538087368011475 1.630557358264923
2 7.227306365966797 1.6285795271396637
3 7.0354472398757935 1.5455136597156525
1680795477.0 6314629 18806672
4 7.020024240016937 1.5947456359863281
1680795520.0 6314629 18806672
5 7.289352536201477 1.711916446685791
6 7.28288197517395 1.6376221776008606
7 7.0764283537864685 1.6377572119235992
8 7.007938861846924 1.6752693355083466
1680795697.0 6314629 18806672
9 7.180223047733307 1.567827045917511
10 7.5257790088653564 1.614976704120636
11 7.263154625892639 1.58603835105896
12 7.29162335395813 1.647869348526001
13 7.2153260707855225 1.6262955963611603
14 7.1743258237838745 1.5449983775615692
15 7.0238423347473145 1.4958063960075378
16 7.270580768585205 1.5114193856716156
17 7.268977344036102 1.5448323488235474
18 7.283916890621185 1.440678134560585
19 7.104745328426361 1.4997262060642242
20 7.28182065486908 1.53747096657753
21 7.3052127957344055 1.5236233472824097
22 7.007591128349304 1.45199716091156
1680796313.0 6314629 18806672
23 7.504499793052673 1.5152926743030548
24 7.246204197406769 1.5680703222751617
25 7.227004528045654 1.5112349390983582
26 7.483885943889618 1.455414518713951
27 6.966829538345337 1.5070871412754059
1680796534.0 6314629 18806672
28 7.2659841775894165 1.5627306401729584
29 7.197726488113403 1.7585071325302124
30 7.199308156967163 1.7803919315338135
31 6.92084139585495 1.8024760782718658
1680796711.0 6314629 18806672
32 7.180220127105713 1.7991163432598114
33 6.861985683441162 1.7793771922588348
1680796799.0 6314629 18806672
34 7.018280625343323 1.7536215484142303
35 6.705179274082184 1.745292454957962
1680796886.0 6314629 18806672
36 6.353028059005737 1.935095638036728
1680796931.0 6314629 18806672
37 6.557400941848755 1.9268801510334015
38 6.440341830253601 1.8973881006240845
39 6.460289537906647 1.9257609844207764
40 6.148217439651489 1.93313667178154
1680797108.0 6314629 18806672
41 6.475932419300079 1.9010039865970612
42 6.408917427062988 1.926232248544693
43 6.280443549156189 1.913217842578888
44 6.456442475318909 1.93148472905159
45 6.259631156921387 1.9017591178417206
46 6.342117726802826 1.9180620312690735
47 6.155068635940552 1.8815388977527618
48 6.325489938259125 1.9029704332351685
49 6.14643007516861 1.8852888941764832
1680797508.0 6314629 18806672
50 6.145060896873474 1.9073317050933838
1680797552.0 6314629 18806672
51 6.327507436275482 1.8687992691993713
52 5.878877937793732 1.883307933807373
1680797640.0 6314629 18806672
53 6.041994869709015 1.8765492737293243
54 5.90810614824295 1.8963511288166046
55 6.1296274065971375 1.8620029389858246
56 6.3561782240867615 1.8896624147891998
57 6.106970846652985 1.8202375173568726
58 6.140365123748779 1.841388463973999
59 6.133614182472229 1.8504914939403534
60 5.837146997451782 1.8395101428031921
1680797993.0 6314629 18806672
61 5.8667542934417725 1.8355713784694672
62 6.181628942489624 1.8111742436885834
63 5.971552908420563 1.843778669834137
64 6.201341927051544 1.845513641834259
65 6.053635597229004 1.8038763105869293
66 6.119536995887756 1.8253203332424164
67 6.173166811466217 1.8113700151443481
68 5.934340119361877 1.7718847393989563
69 6.0335773229599 1.8144690990447998
70 6.093161523342133 1.8018327057361603
71 6.006341874599457 1.8101574182510376
72 6.140724182128906 1.7235823273658752
73 5.785920977592468 1.724378377199173
1680798571.0 6314629 18806672
74 6.0037665367126465 1.709787279367447
75 6.040887534618378 1.718017578125
76 6.154273867607117 1.7239789068698883
77 5.850280165672302 1.723978042602539
78 5.941174805164337 1.6798162460327148
79 6.03159099817276 1.673828125
80 6.08727353811264 1.700677365064621
81 5.770527601242065 1.701878935098648
1680798924.0 6314629 18806672
82 6.037163078784943 1.711551159620285
83 6.044637203216553 1.6986260116100311
84 6.073175609111786 1.685915231704712
85 6.073862910270691 1.7140600979328156
86 6.150650501251221 1.6873175501823425
87 6.06043928861618 1.715437889099121
88 6.066636264324188 1.695930004119873
89 5.936355650424957 1.7017528414726257
90 6.133436918258667 1.7161696553230286
91 6.087786555290222 1.7003433108329773
92 6.062781035900116 1.6860616505146027
93 5.7849231362342834 1.6723178923130035
94 6.050567090511322 1.7031309604644775
95 6.103248715400696 1.6624769270420074
96 6.095519423484802 1.687356024980545
97 5.922872483730316 1.6484462320804596
98 5.961245000362396 1.691916584968567
99 6.132327735424042 1.7134187519550323
