Work second script!
True (256, 256)
/lustre03/project/6079389/sedou/srgan/srgan_env/lib/python3.8/site-packages/torchvision/transforms/transforms.py:329: UserWarning: Argument 'interpolation' of type int is deprecated since 0.13 and will be removed in 0.15. Please use InterpolationMode enum.
  warnings.warn(
/lustre03/project/6079389/sedou/srgan/srgan_env/lib/python3.8/site-packages/torch/utils/data/dataloader.py:554: UserWarning: This DataLoader will create 8 worker processes in total. Our suggested max number of worker in current system is 1, which is smaller than what this DataLoader is going to create. Please be aware that excessive worker creation might get DataLoader running slow or even freeze, lower the worker number to avoid potential slowness/freeze if necessary.
  warnings.warn(_create_warning_msg(
/lustre03/project/6079389/sedou/srgan/srgan_env/lib/python3.8/site-packages/torchvision/models/_utils.py:208: UserWarning: The parameter 'pretrained' is deprecated since 0.13 and may be removed in the future, please use 'weights' instead.
  warnings.warn(
/lustre03/project/6079389/sedou/srgan/srgan_env/lib/python3.8/site-packages/torchvision/models/_utils.py:223: UserWarning: Arguments other than a weight enum or `None` for 'weights' are deprecated since 0.13 and may be removed in the future. The current behavior is equivalent to passing `weights=VGG19_Weights.IMAGENET1K_V1`. You can also use `weights=VGG19_Weights.DEFAULT` to get the most up-to-date weights.
  warnings.warn(msg)
0 6.0641308426856995 1.7255174815654755
1680807374.0 6314629 18806672
1 5.936025142669678 1.6875263452529907
1680807418.0 6314629 18806672
2 6.000809073448181 1.7293436229228973
3 5.8193352818489075 1.7344868183135986
1680807509.0 6314629 18806672
4 5.799634397029877 1.6856041550636292
1680807554.0 6314629 18806672
5 6.060764312744141 1.7131215333938599
6 6.127625524997711 1.7103752195835114
7 5.973348677158356 1.6955962181091309
8 6.046378910541534 1.7723824679851532
9 5.830603182315826 1.7229545414447784
10 6.185692548751831 1.763972908258438
11 5.775400161743164 1.7302744090557098
1680807869.0 6314629 18806672
12 6.060080051422119 1.7355102598667145
13 6.083977460861206 1.7120448350906372
14 5.888359069824219 1.7459686398506165
15 5.9840118288993835 2.0185389816761017
16 6.16465562582016 1.6352756023406982
17 5.807831645011902 1.623915582895279
18 6.172542035579681 1.6319833099842072
19 6.083198010921478 1.6272866129875183
20 6.044677793979645 1.622088611125946
21 6.088429570198059 1.631309986114502
22 6.194070756435394 1.6285311877727509
23 6.088119745254517 1.633159875869751
24 6.2110337018966675 1.6306230425834656
25 5.795662224292755 1.6362060606479645
26 6.636550664901733 1.645122468471527
27 6.244056224822998 1.6507306396961212
28 6.07654595375061 1.6696098744869232
29 6.000644147396088 1.6691406071186066
30 6.0841094851493835 1.6776530742645264
31 5.794362723827362 1.6875353455543518
32 6.0738436579704285 1.6850467026233673
33 5.78461879491806 1.6723733842372894
34 6.247809827327728 1.6783123016357422
35 6.0497025847435 1.6496801972389221
36 6.186614692211151 1.698776662349701
37 6.221116364002228 1.6693716943264008
38 6.239989519119263 1.6670177578926086
39 6.00399649143219 1.660129189491272
40 6.22376424074173 1.6540504395961761
41 6.064522385597229 1.6726568341255188
42 6.099420487880707 1.712855488061905
43 5.84045273065567 1.6716704964637756
44 6.027389466762543 1.6896114349365234
45 5.920787215232849 1.7061526477336884
46 5.881353080272675 1.7065437138080597
47 5.873808920383453 1.6815285384654999
48 6.153079450130463 1.6725093126296997
49 5.945152461528778 1.6754259765148163
50 5.836313962936401 1.6667173206806183
51 6.16402131319046 1.6679157614707947
52 6.124319434165955 1.6953006088733673
53 5.860836446285248 1.6706655323505402
54 6.318954050540924 1.7209424674510956
55 5.896549999713898 1.6916863918304443
56 6.0359466671943665 1.682733565568924
57 6.17768532037735 1.6921181976795197
58 5.968198180198669 1.6826365888118744
59 6.105502009391785 1.7004999816417694
60 6.3184725642204285 1.676626831293106
61 5.913405358791351 1.6702116131782532
62 5.866139113903046 1.6985413134098053
63 6.285446107387543 1.6815521717071533
64 6.196750104427338 1.6808972358703613
65 6.397172510623932 1.6925578713417053
66 5.912548184394836 1.6827598810195923
67 5.87558913230896 1.703546941280365
68 6.04185152053833 1.681079775094986
69 5.883429944515228 1.6734373271465302
70 6.215741455554962 1.6673130095005035
71 6.134276032447815 1.6926828622817993
72 6.084847033023834 1.6910321414470673
73 6.365163803100586 1.6948387920856476
74 6.312373101711273 1.6844884753227234
75 5.916621565818787 1.6839017868041992
76 5.943929433822632 1.6822722852230072
77 6.144614040851593 1.6890105307102203
78 6.353649377822876 1.7093717157840729
79 6.288064956665039 1.7034132778644562
80 6.3587934374809265 1.6847294867038727
81 6.2547847032547 1.6915919780731201
82 5.887575447559357 1.6834930777549744
83 6.215017080307007 1.6841516494750977
84 6.078249573707581 1.6888804137706757
85 5.9390838742256165 1.7057419419288635
86 5.906774044036865 1.686973750591278
87 6.1749990582466125 1.699736773967743
88 6.1538748145103455 1.720396637916565
89 6.384842932224274 1.6817284524440765
90 6.1211841106414795 1.6711797416210175
91 6.117034733295441 1.693379521369934
92 6.038712799549103 1.6945601105690002
93 5.973809719085693 1.6919502317905426
94 6.175344407558441 1.6802937686443329
95 5.947629690170288 1.6823703348636627
96 6.135267674922943 1.6864405870437622
97 6.240768194198608 1.6706108748912811
98 6.269628524780273 1.6901659667491913
99 5.949719071388245 1.6824471652507782
100 6.083301842212677 1.6904559433460236
101 6.091263651847839 1.6963451504707336
102 6.258715748786926 1.6817263662815094
103 6.206747949123383 1.7042054533958435
104 6.113430321216583 1.6852994859218597
105 5.990057706832886 1.6950970590114594
106 5.936048924922943 1.7175436615943909
107 6.407272160053253 1.7022169530391693
108 6.156524956226349 1.6914752423763275
109 6.324566662311554 1.7175933718681335
110 6.165560603141785 1.6898009181022644
111 6.326493918895721 1.6847386062145233
112 6.413271129131317 1.6851528584957123
113 6.3379106521606445 1.6769843399524689
114 6.4758816957473755 1.6731254756450653
115 6.037526965141296 1.6766819953918457
116 6.327733516693115 1.6844951212406158
117 6.020372271537781 1.679836094379425
118 6.182205021381378 1.6864013671875
119 6.4708898067474365 1.6902442276477814
120 6.212783634662628 1.7016790211200714
121 6.2215728759765625 1.7017307877540588
122 5.961906969547272 1.695701688528061
123 6.223343908786774 1.668562263250351
124 6.155199944972992 1.6750928461551666
125 6.324640154838562 1.6835142374038696
126 6.392747938632965 1.6699488461017609
127 6.191024303436279 1.69319686293602
128 6.1715309619903564 1.7100224792957306
129 6.309701323509216 1.6931516826152802
130 5.98665064573288 1.6979734599590302
131 6.3772470355033875 1.6906942129135132
132 6.320580422878265 1.7087331116199493
133 6.195200145244598 1.7044239342212677
134 5.977395415306091 1.6987838745117188
135 6.343133628368378 1.6976269781589508
136 6.377782046794891 1.6831924617290497
137 6.357930421829224 1.6821684539318085
138 6.276848912239075 1.6927876770496368
139 6.339754223823547 1.6923997402191162
140 6.1578728556633 1.705314576625824
141 6.359001338481903 1.7131716310977936
142 6.2325475215911865 1.7186294794082642
143 6.226968348026276 1.7265637814998627
144 6.175792574882507 1.709125965833664
145 6.430080235004425 1.7184047400951385
146 6.225427031517029 1.68812096118927
147 6.311399221420288 1.7058886587619781
148 6.090710878372192 1.7040464580059052
149 6.518098473548889 1.7217822074890137
150 6.182039856910706 1.702423483133316
151 6.290743827819824 1.706078976392746
152 5.973562598228455 1.7124540507793427
153 6.204326570034027 1.7202504575252533
154 5.997784733772278 1.7430004179477692
155 6.263964653015137 1.7027535736560822
156 6.444152534008026 1.7001123428344727
157 6.590499579906464 1.719443678855896
158 6.405496716499329 1.7202187776565552
159 6.269962549209595 1.709697425365448
160 6.445930242538452 1.717555671930313
161 6.5427286028862 1.7055044174194336
162 6.333213150501251 1.7036975026130676
163 6.128703951835632 1.704028993844986
164 6.473936140537262 1.7083283960819244
165 6.676314473152161 1.6890581846237183
166 6.271342754364014 1.7095243632793427
167 6.59171450138092 1.7141750156879425
168 6.452380180358887 1.7072509229183197
169 6.221226215362549 1.6980559527873993
170 6.02744334936142 1.701453059911728
171 6.173060894012451 1.7183946371078491
172 6.132456958293915 1.7179652750492096
173 6.531181335449219 1.712186574935913
174 6.467696964740753 1.7046481668949127
175 6.542579531669617 1.7093932330608368
176 6.396313428878784 1.7219024002552032
177 6.114492297172546 1.7289321422576904
178 6.400364577770233 1.7262136936187744
179 6.245927631855011 1.7188979089260101
180 6.2501057386398315 1.700696349143982
181 6.348479747772217 1.7111120522022247
182 6.4428810477256775 1.7194651067256927
183 6.661503195762634 1.713377296924591
184 6.360463500022888 1.7063868641853333
185 6.397537350654602 1.7201153635978699
186 6.064261436462402 1.701782464981079
187 6.39023745059967 1.7016910016536713
188 6.148530542850494 1.7201730906963348
189 6.3891109228134155 1.7100828289985657
190 6.418628573417664 1.7193007469177246
191 6.045335412025452 1.7155190110206604
192 6.267043650150299 1.7139942348003387
193 6.45174515247345 1.6971842050552368
194 6.320211112499237 1.7355742752552032
195 6.245719254016876 1.743280678987503
196 6.183686196804047 1.732342392206192
197 6.590757668018341 1.7474015057086945
198 6.367418050765991 1.7398180961608887
199 6.47980123758316 1.7324060499668121
200 6.048360228538513 1.7424781918525696
201 6.256301283836365 1.7446061074733734
202 6.5543248653411865 1.738902062177658
203 6.488027632236481 1.7478423714637756
204 6.534850001335144 1.7604277729988098
205 6.630150139331818 1.7397226393222809
206 6.3365389704704285 1.725377470254898
207 6.334897696971893 1.7183205485343933
208 6.436520338058472 1.7269161641597748
209 6.462931394577026 1.72425177693367
210 6.3632277846336365 1.7232164144515991
211 6.500455796718597 1.7206842601299286
212 6.116154313087463 1.7042827606201172
213 6.51100218296051 1.7128399312496185
214 6.478194773197174 1.7012546062469482
215 6.547762870788574 1.7112262547016144
216 6.4736117124557495 1.709421455860138
217 6.2299394607543945 1.7173477709293365
218 6.368153095245361 1.7031442523002625
219 6.403772294521332 1.7118931412696838
220 6.361255705356598 1.704109638929367
221 6.464331328868866 1.705064058303833
222 6.2766640186309814 1.6872157454490662
223 6.1968982219696045 1.6923620700836182
224 6.207656681537628 1.6934412717819214
225 6.438713312149048 1.681889683008194
226 6.026209831237793 1.6923685371875763
227 6.484554290771484 1.686823308467865
228 6.262108325958252 1.6987156569957733
229 6.452445566654205 1.6793785393238068
230 6.393521964550018 1.6656309962272644
231 6.327954590320587 1.664408564567566
232 6.487010896205902 1.6618846356868744
233 6.5682753920555115 1.6525182127952576
234 6.626859426498413 1.7401111423969269
235 6.330292701721191 1.722964107990265
236 6.371356248855591 1.6986732184886932
237 6.8596795201301575 1.6641774773597717
238 6.168092787265778 1.6380761563777924
239 6.390284061431885 1.6520460844039917
240 6.213478267192841 1.6394236981868744
241 6.203630149364471 1.6231030225753784
242 6.385996401309967 1.6282378137111664
243 6.439494490623474 1.6257209479808807
244 6.5473949909210205 1.61490797996521
245 6.536423563957214 1.6178466379642487
246 6.33206444978714 1.606671690940857
247 6.454186260700226 1.603653758764267
248 6.543340265750885 1.7039427161216736
249 6.299979865550995 1.7043353021144867
250 6.317803502082825 1.6939629018306732
251 6.538006663322449 1.666450172662735
252 6.4341331124305725 1.6499994397163391
253 6.4058162569999695 1.6372627317905426
254 6.229071199893951 1.634297251701355
255 6.459471821784973 1.6165654957294464
256 6.38079035282135 1.5925365388393402
257 6.728690087795258 1.6048526763916016
258 6.45036780834198 1.5863555371761322
259 6.423444449901581 1.587902992963791
260 6.668633580207825 1.5842803120613098
261 6.622059881687164 1.5616579949855804
262 6.328144431114197 1.5802509784698486
263 6.37862229347229 1.6719253957271576
264 6.60396009683609 1.6626912355422974
265 6.177017509937286 1.6627174317836761
266 6.513050138950348 1.6671185195446014
267 6.332419216632843 1.65508171916008
268 6.228142559528351 1.6417115926742554
269 6.5513739585876465 1.635237842798233
270 6.5553083419799805 1.623716413974762
271 6.24208003282547 1.6178357899188995
272 6.530504822731018 1.6140025556087494
273 6.144217014312744 1.608148843050003
274 6.41255247592926 1.5978296101093292
275 6.380787014961243 1.6025843918323517
276 6.197287321090698 1.598821759223938
277 6.624680936336517 1.5958794951438904
278 6.466476678848267 1.5913757979869843
279 6.584165394306183 1.5929618179798126
280 6.45120108127594 1.5893977582454681
281 6.5303667187690735 1.5902056992053986
282 6.6148881316185 1.586716651916504
283 6.502366602420807 1.570572942495346
284 6.26379781961441 1.5832485854625702
285 6.1050132513046265 1.5767289102077484
286 6.778042018413544 1.573826402425766
287 6.5894851088523865 1.5775163769721985
288 6.489984214305878 1.580361247062683
289 6.444857597351074 1.5762065052986145
290 6.178263783454895 1.5724243521690369
291 6.630246102809906 1.5700099468231201
292 6.416898250579834 1.5770252645015717
293 6.147538125514984 1.5747919380664825
294 6.278316617012024 1.5684273540973663
295 6.471962928771973 1.5581971108913422
296 6.437595248222351 1.5789133310317993
297 6.540469706058502 1.5725447833538055
298 6.300782382488251 1.5864882469177246
299 6.079811275005341 1.5710892379283905
300 6.437819421291351 1.5843669176101685
301 6.381243705749512 1.5786207914352417
302 6.390685141086578 1.5771840810775757
303 6.448838889598846 1.7861846685409546
304 6.451856851577759 1.7725473940372467
305 6.2753846645355225 1.7593530416488647
306 6.63517564535141 1.7545377016067505
307 6.13105571269989 1.7402855157852173
308 6.503231704235077 1.7324203550815582
309 6.4632567167282104 1.719645380973816
310 6.554774582386017 1.709697425365448
311 6.765567779541016 1.6980158984661102
312 6.346871852874756 1.6857138574123383
313 6.552387595176697 1.6817949712276459
314 6.587161719799042 1.6719668507575989
315 6.541418790817261 1.666169673204422
316 6.387547314167023 1.6588907837867737
317 6.656729876995087 1.6562584340572357
318 6.310238182544708 1.646206647157669
319 6.116833508014679 1.6419123411178589
320 6.427102088928223 1.6516793370246887
321 6.420636355876923 1.6441275775432587
322 6.427972912788391 1.6387999355793
323 6.295695602893829 1.635756403207779
324 6.255899488925934 1.6437715888023376
325 6.396236062049866 1.634633094072342
326 6.453021049499512 1.6247756779193878
327 6.265130281448364 1.6324990093708038
328 6.275540590286255 1.630518913269043
329 6.275625765323639 1.6218263506889343
330 6.253483176231384 1.6264770925045013
331 6.201042354106903 1.6205410659313202
332 6.51751708984375 1.6000830233097076
333 6.413089036941528 1.618795782327652
334 6.428375601768494 1.605532854795456
335 6.383330285549164 1.6129325032234192
336 6.479476630687714 1.6203273832798004
337 6.718019247055054 1.6175571084022522
338 6.541286110877991 1.6108411848545074
339 6.474619269371033 1.615613877773285
340 6.423125982284546 1.6153179705142975
341 6.279791593551636 1.6090033054351807
342 6.642135798931122 1.6086927652359009
343 6.50569885969162 1.607453167438507
344 6.6247833371162415 1.6060712039470673
345 6.298201680183411 1.6107752323150635
346 6.528525412082672 1.6062293350696564
347 6.13621062040329 1.6110455393791199
348 6.702465772628784 1.6050536930561066
349 6.727741062641144 1.6157204806804657
350 6.228103160858154 1.6076727211475372
351 6.523591101169586 1.6102958619594574
352 6.174882471561432 1.604702651500702
353 6.558902025222778 1.6121774315834045
354 6.609724700450897 1.6113556921482086
355 6.461800575256348 1.6143299341201782
356 6.185422778129578 1.603482574224472
357 6.327293694019318 1.6104722023010254
358 6.469737350940704 1.6062151789665222
359 6.6668301820755005 1.6105825901031494
360 6.607663691043854 1.6075805127620697
361 6.283577740192413 1.6519376933574677
362 6.703518927097321 1.6513766944408417
363 6.176686346530914 1.6465978622436523
364 6.458743572235107 1.640498161315918
365 6.204904496669769 1.6311544179916382
366 6.575087368488312 1.6233925819396973
367 6.312297761440277 1.6326250433921814
368 6.255275070667267 1.638166904449463
369 6.25128173828125 1.6243026852607727
370 6.408069968223572 1.636300414800644
371 6.905015349388123 1.4876980930566788
372 6.610969543457031 1.634884089231491
373 6.489972531795502 1.6231060326099396
374 6.668242990970612 1.6284419000148773
375 6.614798843860626 1.6258149445056915
376 6.41666442155838 1.6293402016162872
377 6.420779526233673 1.6237638592720032
378 6.305959105491638 1.614984929561615
379 6.454174995422363 1.6195794641971588
380 6.4352023005485535 1.6225139200687408
381 6.7644875049591064 1.6159177422523499
382 6.354604661464691 1.6177615225315094
383 6.447649359703064 1.619867742061615
384 6.466054856777191 1.616220086812973
385 6.35063362121582 1.6203785240650177
386 6.473767638206482 1.6220403015613556
387 6.408557951450348 1.6185222864151
388 6.299455940723419 1.6196232438087463
389 6.743264377117157 1.618683099746704
390 6.789218068122864 1.6222577393054962
391 6.268964946269989 1.6184934675693512
392 6.26360422372818 1.6221401989459991
393 6.430371344089508 1.6238876581192017
394 6.567597806453705 1.6230337023735046
395 6.831371545791626 1.621337205171585
396 6.6224260330200195 1.624240517616272
397 6.608033001422882 1.6256259679794312
398 6.442448854446411 1.6198679208755493
399 6.616353332996368 1.6243801712989807
400 6.402730286121368 1.6125488579273224
401 6.280874788761139 1.6126957535743713
402 6.201438903808594 1.6181374490261078
403 6.420993447303772 1.6205543875694275
404 6.373118996620178 1.6251288056373596
405 6.777662634849548 1.6239664256572723
406 6.722194850444794 1.6266749501228333
407 6.696759462356567 1.6255200803279877
408 6.387196362018585 1.62699356675148
409 6.606012523174286 1.6230810582637787
410 6.479195594787598 1.6166238188743591
411 6.2319963574409485 1.6273107826709747
412 6.60124796628952 1.6248237788677216
413 6.2353715896606445 1.6263372302055359
414 6.164692223072052 1.6234937012195587
415 6.557257413864136 1.6237260699272156
416 6.312455356121063 1.6303130090236664
417 6.4185842871665955 1.6269287168979645
418 6.479885816574097 1.6219637095928192
419 6.500031650066376 1.6248416602611542
420 6.6408116817474365 1.626248687505722
421 6.6311357617378235 1.6255655884742737
422 6.472286880016327 1.6200034022331238
423 6.5568472146987915 1.6249769926071167
424 6.4937480092048645 1.6234067678451538
425 6.571701288223267 1.6178372204303741
426 6.373876452445984 1.6222223341464996
427 6.635414779186249 1.6306931674480438
428 6.497334897518158 1.6299297511577606
429 6.334076642990112 1.6237642765045166
430 6.541470170021057 1.6204801499843597
431 6.616614580154419 1.6234477162361145
432 6.736352324485779 1.6238223314285278
433 6.74068558216095 1.6287111341953278
434 6.553944885730743 1.6273971796035767
435 6.631808340549469 1.6211274862289429
436 6.512258231639862 1.6252657175064087
437 6.523586690425873 1.6218205690383911
438 6.335806369781494 1.624161183834076
439 6.297298491001129 1.6242197155952454
440 6.8101853132247925 1.6233783066272736
441 6.670339584350586 1.6249229311943054
442 6.6963911056518555 1.6285979747772217
443 6.619493663311005 1.6282013952732086
444 6.35167008638382 1.6217967867851257
445 6.384173154830933 1.6204829812049866
446 6.475700795650482 1.623014122247696
447 6.219115495681763 1.614182025194168
448 6.629082083702087 1.6230745613574982
449 6.513480544090271 1.6236744225025177
450 6.492720305919647 1.619495004415512
451 6.4827094078063965 1.6234526336193085
452 6.411753535270691 1.5615537464618683
453 6.242882132530212 1.6165043115615845
454 6.329948842525482 1.6203018128871918
455 6.479099273681641 1.6217431128025055
456 6.41438215970993 1.6270425915718079
457 6.87165242433548 1.6200738549232483
458 6.6541178822517395 1.6263342797756195
459 6.656906962394714 1.6150016486644745
460 6.65073823928833 1.6249787211418152
461 6.239846289157867 1.6064526736736298
462 6.691348195075989 1.6212418675422668
463 6.49422562122345 1.620327740907669
464 6.363389730453491 1.6213529706001282
465 6.710241794586182 1.6143733859062195
466 6.349348366260529 1.6157999336719513
467 6.243865013122559 1.6088337898254395
468 6.358428180217743 1.620505928993225
469 6.8280269503593445 1.6200259923934937
470 6.567671895027161 1.6211430132389069
471 6.5681376457214355 1.623574137687683
472 6.489453673362732 1.6202999651432037
473 6.260596573352814 1.622639387845993
474 6.396942853927612 1.621690958738327
475 6.443148672580719 1.6206836104393005
476 6.188324928283691 1.6180612444877625
477 6.6591280698776245 1.6158777475357056
478 6.702274799346924 1.6180287897586823
479 6.641821503639221 1.6202000677585602
480 6.756958305835724 1.6183356940746307
481 6.318811535835266 1.6150988638401031
482 6.255318641662598 1.6153345108032227
483 6.51999568939209 1.611026257276535
484 6.4469980001449585 1.619938224554062
485 6.429285764694214 1.6170729994773865
486 6.403101325035095 1.6170758605003357
487 6.265318393707275 1.6197978854179382
488 6.43651008605957 1.6197448372840881
489 6.606439054012299 1.6205686926841736
490 6.389844357967377 1.6112603545188904
491 6.6770302057266235 1.619407445192337
492 6.841497004032135 1.6192301511764526
493 6.754570960998535 1.6177509427070618
494 6.557579219341278 1.6443409025669098
495 6.28455775976181 1.647878259420395
496 6.544081687927246 1.646907240152359
497 6.296006500720978 1.6455440819263458
498 6.705731451511383 1.6445266008377075
499 6.7257989048957825 1.6452947854995728
500 6.372661888599396 1.6455884873867035
501 6.598000884056091 1.6397992968559265
502 6.257820963859558 1.6349183022975922
503 6.733908593654633 1.6375533938407898
504 6.663285732269287 1.641159176826477
505 6.620820105075836 1.6324025988578796
506 6.6010560393333435 1.625605970621109
507 6.391261100769043 1.6237282156944275
508 6.608409345149994 1.6260589063167572
509 6.643666326999664 1.630880206823349
510 6.342323184013367 1.6362768709659576
511 6.681644976139069 1.630644679069519
512 6.588011384010315 1.6320976614952087
513 6.538219511508942 1.628557562828064
514 6.4972217082977295 1.632576823234558
515 6.663897752761841 1.6262490451335907
516 6.247369825839996 1.6292330920696259
517 6.110468626022339 1.6274974346160889
518 6.469146549701691 1.6261973977088928
519 6.3818665742874146 1.6148460507392883
520 6.537452280521393 1.6278072893619537
521 6.636544346809387 1.625884473323822
522 6.2697548270225525 1.6177891194820404
523 6.686213850975037 1.6276316940784454
524 6.137586057186127 1.6248030364513397
525 6.692399740219116 1.6256205141544342
526 6.183522164821625 1.7401239573955536
527 6.224027335643768 1.6214691698551178
528 6.586327135562897 1.6230413317680359
529 6.435565650463104 1.6267476379871368
530 6.609636008739471 1.6217311322689056
531 6.5505295395851135 1.625656932592392
532 6.405388176441193 1.6250302493572235
533 6.534109115600586 1.6216045022010803
534 6.757308900356293 1.6236178576946259
535 6.345862567424774 1.6203775703907013
536 6.203783988952637 1.6267763674259186
537 6.290644466876984 1.6183325946331024
538 6.686129570007324 1.6222240924835205
539 6.498364806175232 1.6183708012104034
540 6.555015504360199 1.6209045052528381
541 6.338991165161133 1.6191564798355103
542 6.428203761577606 1.6149551570415497
543 6.532631099224091 1.614132970571518
544 6.85471773147583 1.6135729253292084
545 6.3786866664886475 1.6172647774219513
546 6.384850561618805 1.6136111617088318
547 6.368860244750977 1.6185583770275116
548 6.559086561203003 1.6176258623600006
549 6.365432977676392 1.6157172322273254
550 6.245673596858978 1.6187687516212463
551 6.289024889469147 1.6104027032852173
552 6.428912818431854 1.6190119087696075
553 6.726585507392883 1.6163594424724579
554 6.591548502445221 1.6136642694473267
555 6.514909446239471 1.615348219871521
556 6.804863393306732 1.619653433561325
557 6.555842936038971 1.6161220371723175
558 6.690862834453583 1.617038607597351
559 6.456376373767853 1.6141001284122467
560 6.4864948987960815 1.6180907785892487
561 6.440654218196869 1.6140741407871246
562 6.39938223361969 1.6156269013881683
563 6.429539442062378 1.6189348697662354
564 6.4730507135391235 1.6148821115493774
565 6.533630013465881 1.616683542728424
566 6.571102678775787 1.602124035358429
567 6.920800507068634 1.6170529425144196
568 6.528924405574799 1.6220852434635162
569 6.7079742550849915 1.6149434447288513
570 6.1937559843063354 1.617034912109375
571 6.671088695526123 1.620547205209732
572 6.209777355194092 1.6170176267623901
573 6.467383682727814 1.6161215901374817
574 6.918724179267883 1.6189704239368439
575 6.5989328026771545 1.6132153868675232
576 6.299377381801605 1.614410638809204
577 6.484460473060608 1.6123856008052826
578 6.521278738975525 1.6151734590530396
579 6.606040894985199 1.608157604932785
580 6.348640084266663 1.6160262525081635
581 6.444224238395691 1.6173003613948822
582 6.228619456291199 1.6148439645767212
583 6.185160875320435 1.616613894701004
584 6.360135912895203 1.6123533248901367
585 6.6218085289001465 1.6121001839637756
586 6.72220903635025 1.6141006350517273
587 6.23249477148056 1.6068481802940369
588 6.360271394252777 1.607586920261383
589 6.605449378490448 1.6110681295394897
590 6.559061110019684 1.6145879030227661
591 6.786683619022369 1.6127551198005676
592 6.339528799057007 1.6050915718078613
593 6.422736883163452 1.600000113248825
594 6.658373057842255 1.6126466691493988
595 6.680677592754364 1.6159121096134186
596 6.645257771015167 1.6104028820991516
597 6.627996385097504 1.6107451021671295
598 6.437311768531799 1.6115891635417938
599 6.512403249740601 1.618221640586853
600 6.40913599729538 1.6111574470996857
601 6.543588221073151 1.6115190982818604
602 6.477464735507965 1.614126592874527
603 6.271538972854614 1.6114926040172577
604 6.6910324692726135 1.60164412856102
605 6.7005584836006165 1.6079821288585663
606 6.489253222942352 1.60502091050148
607 6.279220819473267 1.6119892597198486
608 6.185279846191406 1.6107673645019531
609 6.490047633647919 1.6103420555591583
610 6.674314558506012 1.6108377277851105
611 6.234222590923309 1.6065592467784882
612 6.34541529417038 1.6146074533462524
613 6.681579053401947 1.612237572669983
614 6.516713082790375 1.615287959575653
615 6.9310479164123535 1.6098161339759827
616 6.858600378036499 1.6052913665771484
617 6.469270646572113 1.6144216358661652
618 6.064979553222656 1.6373156607151031
619 6.449578523635864 1.6420796513557434
620 6.406940519809723 1.640025109052658
621 6.420706212520599 1.646871268749237
622 6.701796233654022 1.6403235495090485
623 6.898724555969238 1.6412420570850372
624 6.734321177005768 1.6376210153102875
625 6.343394756317139 1.637534260749817
626 6.426775276660919 1.637105405330658
627 6.848015189170837 1.6397504806518555
628 6.486758708953857 1.6360881626605988
629 6.416127502918243 1.6311815679073334
630 6.487807989120483 1.6230604648590088
631 6.70358681678772 1.6329946219921112
632 6.588686406612396 1.627975732088089
633 6.55829244852066 1.6279974579811096
634 6.889902710914612 1.628869891166687
635 6.726644933223724 1.6253744065761566
636 6.373823761940002 1.622896283864975
637 6.537423670291901 1.6214759647846222
638 6.14141321182251 1.6214806139469147
639 6.498221755027771 1.6200817823410034
640 6.6950167417526245 1.623805195093155
641 6.3612921833992 1.6199222803115845
642 6.7088276743888855 1.6233085095882416
643 6.80986487865448 1.617009460926056
644 6.680898010730743 1.6182280480861664
645 6.399324178695679 1.6236850917339325
646 6.786241590976715 1.6076607406139374
647 6.495032370090485 1.6178310215473175
648 6.507718503475189 1.6143111884593964
649 6.194250106811523 1.613513022661209
650 6.386076629161835 1.616909921169281
651 6.426903545856476 1.611365169286728
652 6.6551525592803955 1.619631290435791
653 6.322761118412018 1.6123248636722565
654 6.487486302852631 1.6105104088783264
655 6.433311879634857 1.61754310131073
656 6.402502357959747 1.6166340112686157
657 6.389495134353638 1.6144730150699615
658 6.495060205459595 1.611631065607071
659 6.663455486297607 1.6146728694438934
660 6.5721874833106995 1.6143515408039093
661 6.567976176738739 1.6097710132598877
662 6.605384469032288 1.6133636236190796
663 6.572504818439484 1.610569030046463
664 6.653361201286316 1.6149152517318726
665 6.6362356543540955 1.6088072657585144
666 6.319369554519653 1.614791452884674
667 6.807374060153961 1.6110922396183014
668 6.633936583995819 1.613976627588272
669 6.603009104728699 1.6139898002147675
670 6.355464816093445 1.614118605852127
671 6.432096600532532 1.6132197082042694
672 6.168269515037537 1.6168732941150665
673 6.612399041652679 1.6106887757778168
674 6.71021294593811 1.6125754415988922
675 6.686683714389801 1.615248441696167
676 6.596744656562805 1.6079601049423218
677 6.790487587451935 1.614637166261673
678 6.238924741744995 1.6068420708179474
679 6.239286005496979 1.6130608320236206
680 6.677975058555603 1.6165330410003662
681 6.609612047672272 1.6124801635742188
682 6.459877610206604 1.6106937527656555
683 6.707325637340546 1.6176154911518097
684 6.812979102134705 1.615737497806549
685 6.522341012954712 1.6139348447322845
686 6.543149828910828 1.6196377277374268
687 6.46621310710907 1.6152023375034332
688 6.674598038196564 1.6138057708740234
689 6.617588937282562 1.6165709495544434
690 6.488900244235992 1.612329512834549
691 6.7201812863349915 1.6139622330665588
692 6.637470841407776 1.6140486598014832
693 6.4749433398246765 1.6128941178321838
694 7.230344891548157 1.6131349802017212
695 6.437297523021698 1.6097720265388489
696 6.418788135051727 1.6126613914966583
697 6.3988078236579895 1.615027666091919
698 6.828863203525543 1.6130123138427734
699 6.717113614082336 1.6126712560653687
700 6.485627830028534 1.612314760684967
701 6.20921528339386 1.6146545112133026
702 6.61875307559967 1.6187131702899933
703 6.3321675062179565 1.616051435470581
704 6.671513259410858 1.6126786172389984
705 6.306714296340942 1.6009453237056732
706 6.838681221008301 1.6149824857711792
707 6.2739415764808655 1.6094574332237244
708 6.79586660861969 1.6333891153335571
709 6.705730080604553 1.6286790370941162
710 6.478486895561218 1.6267493069171906
711 6.5811633467674255 1.6288796663284302
712 6.524700164794922 1.6307567656040192
713 6.289510786533356 1.6262128055095673
714 7.056113421916962 1.6201705038547516
715 6.141809284687042 1.621744841337204
716 6.577277898788452 1.6217225790023804
717 6.560677468776703 1.6202973425388336
718 6.686580717563629 1.621736079454422
719 6.5506269335746765 1.6171620786190033
720 6.577229738235474 1.616671472787857
721 6.75118362903595 1.6167894303798676
722 6.602310121059418 1.6187147200107574
723 6.482233226299286 1.6078024804592133
724 6.727142035961151 1.6153433322906494
725 6.499151110649109 1.613294780254364
726 6.687314033508301 1.615279346704483
727 6.323594093322754 1.6165073215961456
728 6.802142024040222 1.6122554242610931
729 6.510878682136536 1.613760620355606
730 6.434503138065338 1.606760710477829
731 6.613592505455017 1.6122247278690338
732 6.8094547390937805 1.6124533116817474
733 6.288280248641968 1.6025134027004242
734 6.6575082540512085 1.6150328516960144
735 6.868065237998962 1.6123493611812592
736 6.500873684883118 1.6082269549369812
737 6.606894612312317 1.6085007190704346
738 6.896255016326904 1.6122449040412903
739 6.695996463298798 1.6108270585536957
740 6.693742334842682 1.6084591448307037
741 6.600986659526825 1.610036015510559
742 6.387708842754364 1.6148075759410858
743 6.604229152202606 1.6010123789310455
744 6.679968178272247 1.6119232773780823
745 6.384149074554443 1.611299753189087
746 6.344927489757538 1.612904816865921
747 6.214566588401794 1.6117404997348785
748 6.637410879135132 1.6104699075222015
749 7.030201613903046 1.6129368841648102
750 6.695518612861633 1.6009494364261627
751 6.851181149482727 1.6119120121002197
752 6.387438952922821 1.6132750511169434
753 6.362099349498749 1.6298287212848663
754 6.637973129749298 1.6278665959835052
755 6.540800154209137 1.6216390132904053
756 6.570386111736298 1.629361093044281
757 6.635284125804901 1.6264294385910034
758 6.650918006896973 1.6257111430168152
759 6.397508323192596 1.620423138141632
760 6.593414664268494 1.6198987066745758
761 6.416162014007568 1.622258722782135
762 6.79384970664978 1.6228033900260925
763 6.350861310958862 1.62287175655365
764 6.704319596290588 1.6219744384288788
765 6.6790525913238525 1.6198887526988983
766 6.387579321861267 1.6176794171333313
767 6.410329461097717 1.6177747249603271
768 6.586504757404327 1.6109008491039276
769 6.3740851283073425 1.6161069869995117
770 6.4708064794540405 1.609992116689682
771 6.400778114795685 1.6159952878952026
772 6.390795111656189 1.6174315810203552
773 6.809088706970215 1.6092167496681213
774 6.2806174755096436 1.6156458258628845
775 6.548807978630066 1.6175637245178223
776 6.409102380275726 1.6187941431999207
777 6.65014123916626 1.6171997487545013
778 6.768659591674805 1.6189384162425995
779 6.591641962528229 1.6166017055511475
780 6.5198745131492615 1.6177369058132172
781 6.553921043872833 1.6155296862125397
782 6.690782248973846 1.614189773797989
783 6.313699960708618 1.6137064099311829
784 6.7519766092300415 1.6217548847198486
785 6.941563308238983 1.6245086789131165
786 6.7169541120529175 1.622250646352768
787 6.543591737747192 1.6208601593971252
788 6.642079472541809 1.620823860168457
789 6.377139985561371 1.617395430803299
790 6.605258941650391 1.6215305924415588
791 6.726486146450043 1.6207440495491028
792 6.348339736461639 1.6148392260074615
793 6.343618810176849 1.617706686258316
794 6.650538921356201 1.6198863983154297
795 6.618396699428558 1.6189929246902466
796 6.609523117542267 1.6211234033107758
797 6.389347612857819 1.6228958666324615
798 6.570757031440735 1.62027907371521
799 6.693490386009216 1.6346838474273682
800 6.684808433055878 1.6342864632606506
801 6.811721682548523 1.6318208575248718
802 6.69287383556366 1.6356402933597565
803 6.692168354988098 1.6331437528133392
804 6.501403748989105 1.6323589384555817
805 6.848014712333679 1.6278797686100006
806 6.304106950759888 1.6274203956127167
807 6.358244359493256 1.6278741657733917
808 6.279193937778473 1.624381572008133
809 6.899844646453857 1.6330439150333405
810 6.319242775440216 1.6277886629104614
811 6.336317300796509 1.6246566474437714
812 6.424139499664307 1.631101906299591
813 6.810722768306732 1.6285185813903809
814 6.408518195152283 1.6218730807304382
815 6.809532821178436 1.627283662557602
816 6.422228932380676 1.6198124587535858
817 6.5816062688827515 1.6293172240257263
818 6.44931036233902 1.6259145438671112
819 6.665031373500824 1.627205729484558
820 6.697631120681763 1.6303419172763824
821 6.856794536113739 1.6287228167057037
822 6.674745976924896 1.6319719851016998
823 6.667363524436951 1.631828784942627
824 6.568401217460632 1.6247039139270782
825 6.583780109882355 1.625313639640808
826 6.527692914009094 1.6281366348266602
827 6.679612398147583 1.6317643523216248
828 6.581766784191132 1.6295791268348694
829 6.656601667404175 1.6280945837497711
830 6.390433728694916 1.6315767467021942
831 6.487943053245544 1.6286849081516266
832 6.67510199546814 1.630764663219452
833 6.33384644985199 1.6348153948783875
834 6.691254079341888 1.6268305480480194
835 6.717951655387878 1.6303310990333557
836 6.6572036147117615 1.6289728879928589
837 6.414539456367493 1.6184222102165222
838 6.431455910205841 1.6249980628490448
839 6.568541526794434 1.6318725943565369
840 6.739595532417297 1.6273271143436432
841 6.51316899061203 1.6269607543945312
842 6.803819477558136 1.6275358200073242
843 6.659712314605713 1.6287333071231842
844 6.321307003498077 1.6319913268089294
845 6.770359635353088 1.630312204360962
846 6.646362483501434 1.6307163536548615
847 6.249161243438721 1.6296004056930542
848 6.562190294265747 1.6313848197460175
849 6.482352018356323 1.6296332776546478
850 6.372115612030029 1.6269604563713074
851 6.426145851612091 1.631698727607727
852 6.587767481803894 1.6258376240730286
853 6.738596618175507 1.6285287141799927
854 6.916167795658112 1.6295143067836761
855 6.512188732624054 1.6343539357185364
856 6.644355654716492 1.6259128749370575
857 6.378918528556824 1.6325377821922302
858 6.637816786766052 1.6392433941364288
859 6.624933123588562 1.635248988866806
860 6.627058982849121 1.6349784135818481
861 6.622657775878906 1.635061800479889
862 6.403442800045013 1.6317743360996246
863 6.48856383562088 1.6369756162166595
864 6.478628158569336 1.6253005862236023
865 6.922048509120941 1.6338874101638794
866 6.485516369342804 1.6281905472278595
867 6.905764937400818 1.6274452805519104
868 6.395294666290283 1.634438544511795
869 6.534736216068268 1.6331933736801147
870 6.514359474182129 1.6335723400115967
871 6.700889527797699 1.6325968503952026
872 6.240406274795532 1.629348635673523
873 6.7383713722229 1.6284157931804657
874 6.323385119438171 1.6263371109962463
875 6.77565723657608 1.6265220046043396
876 6.727780222892761 1.625283420085907
877 6.576857149600983 1.6200716495513916
878 6.777259051799774 1.63080495595932
879 6.7266234159469604 1.6231939494609833
880 6.401730537414551 1.630925863981247
881 6.598531603813171 1.6276110112667084
882 6.519418478012085 1.6293781101703644
883 6.845937788486481 1.6320798993110657
884 6.497501730918884 1.6320041418075562
885 6.613317251205444 1.6299596726894379
886 6.675888121128082 1.6331739723682404
887 6.222992718219757 1.6196257770061493
888 6.5368897914886475 1.6310072541236877
889 6.2711101770401 1.6214326918125153
890 6.525297999382019 1.6290119290351868
891 6.29067850112915 1.6274038553237915
892 6.760003983974457 1.627650499343872
893 6.543412089347839 1.6307948529720306
894 6.193978905677795 1.627474844455719
895 6.5045207142829895 1.6304084658622742
896 6.616628408432007 1.6303863823413849
897 6.352941870689392 1.6296228170394897
898 6.699932098388672 1.6263737380504608
899 6.504403829574585 1.6264553368091583
900 6.406892716884613 1.6235579252243042
901 6.662094950675964 1.6264799535274506
902 6.576212167739868 1.6285925805568695
903 6.662762522697449 1.6240340173244476
904 6.777260363101959 1.665824294090271
905 6.571539521217346 1.6654481291770935
906 6.8237404227256775 1.6664778888225555
907 6.652593016624451 1.6654329597949982
908 6.818170428276062 1.6656909584999084
909 6.567206799983978 1.664787232875824
910 6.6626551151275635 1.6615140736103058
911 6.806377291679382 1.6628648936748505
912 6.650376200675964 1.6608191430568695
913 6.722750604152679 1.6576246321201324
914 6.627854764461517 1.6575311720371246
915 6.834182024002075 1.6535274386405945
916 6.82164067029953 1.6566879153251648
917 6.5498692989349365 1.6539854109287262
918 6.523145973682404 1.6539368033409119
919 6.517406523227692 1.6482522785663605
920 6.415561497211456 1.644554764032364
921 6.77897834777832 1.6265938580036163
922 6.189043939113617 1.6468110382556915
923 6.763526499271393 1.6510353088378906
924 6.349585115909576 1.6497760713100433
925 6.526769042015076 1.6491536796092987
926 6.787080943584442 1.6501421332359314
927 6.742056429386139 1.6494357883930206
928 6.616182088851929 1.645920068025589
929 6.588194310665131 1.6448898315429688
930 6.302250325679779 1.6450859308242798
931 6.773268342018127 1.6460066139698029
932 6.686726689338684 1.6406005918979645
933 6.514108717441559 1.6411411762237549
934 6.857077181339264 1.6391918063163757
935 6.540880978107452 1.6439536213874817
936 6.422533214092255 1.6416250169277191
937 6.6898709535598755 1.6392315924167633
938 6.5284008383750916 1.6380964815616608
939 6.431727349758148 1.6290836334228516
940 6.705390512943268 1.638716846704483
941 6.29481828212738 1.636469841003418
942 6.648984253406525 1.6379558742046356
943 6.62660425901413 1.63864204287529
944 6.289429545402527 1.6336346864700317
945 6.6486663818359375 1.635808378458023
946 6.672210454940796 1.639831781387329
947 6.388754189014435 1.6250110566616058
948 6.661087214946747 1.6373161673545837
949 6.689253926277161 1.633108764886856
950 6.6395628452301025 1.6329230666160583
951 6.530024886131287 1.6378004252910614
952 6.637000322341919 1.637098103761673
953 6.339623928070068 1.6277606189250946
954 6.723772704601288 1.631438285112381
955 6.363044321537018 1.6348063349723816
956 6.981897234916687 1.6340197324752808
957 6.544792532920837 1.6295506358146667
958 6.344490885734558 1.6316615641117096
959 6.742363393306732 1.6308277547359467
960 6.942137956619263 1.6260018944740295
961 6.397928833961487 1.636796772480011
962 6.548760414123535 1.6287993490695953
963 6.72971785068512 1.6399908661842346
964 6.477871656417847 1.6367274224758148
965 6.775704205036163 1.6355854272842407
966 6.735080659389496 1.6320930421352386
967 6.70314222574234 1.6356395483016968
968 6.551782071590424 1.634777843952179
969 6.42633581161499 1.625337153673172
970 6.766301095485687 1.6299354434013367
971 6.803609907627106 1.6326549053192139
972 6.421378672122955 1.631529450416565
973 6.512797951698303 1.6287992596626282
974 6.719363331794739 1.634611576795578
975 6.44400942325592 1.6291487216949463
976 6.397362112998962 1.6284924149513245
977 6.3924400806427 1.631255716085434
978 6.611101031303406 1.631643533706665
979 6.453938007354736 1.6278474926948547
980 6.622677683830261 1.62714684009552
981 6.655221581459045 1.6322298645973206
982 6.600003480911255 1.6338115334510803
983 6.1349504590034485 1.6235897243022919
984 6.1427764892578125 1.6333855986595154
985 6.65700763463974 1.6331696212291718
986 6.806855142116547 1.633736103773117
987 6.370141506195068 1.6240097284317017
slurmstepd: error: *** JOB 36108073 ON bg12007 CANCELLED AT 2023-04-07T07:20:33 ***
